Available frequencies:
0 118400
1 122300
2 132100
3 158300
4 109100
5 142800
6 154500
7 135200
8 121700
9 116100
10 95300
11 153500
12 143800
13 95500
14 128400
15 158200
16 137600
17 156200
18 136100
19 107700
20 129100
21 137300
22 140000
23 129800
Transmission radius:
25
Transmitters:
0 385.660322 10.375975
1 316.824117 374.401941
2 249.253506 112.398323
3 99.031432 380.265356
4 84.555418 44.169907
5 342.679909 476.696673
6 1.974133 256.096132
7 406.310481 306.263033
8 360.877659 145.938034
9 458.887061 357.287892
10 271.272184 71.085024
11 186.670380 337.066808
12 220.916587 217.006997
13 308.883489 256.569121
14 325.198591 300.519477
15 402.611598 260.823576
16 454.324440 159.618044
17 45.229675 150.350028
18 56.992181 414.340663
19 23.448160 313.143574
20 273.793078 409.643498
21 99.473770 428.425151
22 175.826320 377.323846
23 147.980853 441.968240
24 162.755819 82.507949
25 196.264622 46.730187
26 410.552829 75.576010
27 192.057224 472.130356
28 493.812737 228.152274
29 413.061422 125.687067
30 298.685824 451.415880
31 267.278974 295.100681
32 19.640884 178.590879
33 39.806545 152.729959
34 165.359656 386.915148
35 19.979604 214.746089
36 157.463436 318.245572
37 173.173575 21.548678
38 439.957587 381.620294
39 439.048321 208.754572
40 302.788782 256.733314
41 298.918324 131.107831
42 150.435654 12.699891
43 151.531280 121.037938
44 278.789094 282.753510
45 237.566124 146.398988
46 32.125530 489.409573
47 169.853922 247.524315
48 488.540363 220.386912
49 159.136403 259.898493
50 289.068215 426.966875
51 34.048637 232.265404
52 390.974559 359.301405
53 293.010990 18.547207
54 175.328196 281.595342
55 149.864936 256.167077
56 336.733463 79.596867
57 25.238835 168.907944
58 54.031886 89.451404
59 442.913548 182.682486
60 109.384675 376.248085
61 53.439792 372.301620
62 234.892647 299.127836
63 73.810096 92.017411
64 322.536063 24.314003
65 124.306254 271.204258
66 113.386672 190.705767
67 461.116393 462.678436
68 283.374962 266.735442
69 7.430012 488.949632
70 286.514452 395.878498
71 280.778680 438.667621
72 292.097914 354.424913
73 74.266726 214.225369
74 346.945033 52.309872
75 219.802619 83.101074
76 253.489315 409.517932
77 45.053367 400.034375
78 282.563177 294.673856
79 99.050329 218.059128
80 147.951881 18.778838
81 15.342420 226.552500
82 372.432038 278.647703
83 192.556800 84.036399
84 419.130660 299.525899
85 391.357409 424.254591
86 301.581488 390.530309
87 307.868438 10.582596
88 375.232305 88.021067
89 229.257103 256.561354
90 242.010445 422.192897
91 87.406947 7.317438
92 424.382036 371.337289
93 228.348768 208.449204
94 58.364755 169.339566
95 47.329520 357.915436
96 38.542702 102.975129
97 286.888116 146.915778
98 327.863371 401.784174
99 175.606751 46.720188
100 406.658042 392.433359
101 196.709556 432.239597
102 192.015384 128.651444
103 414.700960 368.191352
104 253.800454 322.163308
105 106.593283 447.854474
106 482.973126 158.500781
107 432.776309 155.141853
108 12.631973 24.597579
109 92.313419 34.516671
110 128.737712 456.790866
111 228.924756 65.105895
112 404.945833 201.734920
113 12.216322 428.415521
114 137.147410 354.552982
115 177.886171 397.154531
116 422.309431 269.073759
117 279.543258 61.254991
118 188.820959 214.373665
119 255.604323 445.881285
120 150.105306 198.220939
121 396.636617 206.138039
122 92.433775 420.123658
123 284.635700 30.025103
124 494.458487 114.391167
125 307.350856 184.013340
126 401.387968 313.780926
127 410.608238 144.126569
128 137.397566 300.525946
129 469.257099 353.648155
130 131.701582 61.167961
131 229.362115 487.406250
132 340.287187 96.626866
133 23.369614 476.321968
134 429.324508 413.951588
135 481.950261 299.468225
136 465.457918 73.384407
137 56.980154 186.014451
138 383.280063 160.571016
139 319.017541 4.610551
140 271.732519 168.877323
141 449.012154 470.353519
142 192.060925 198.058896
143 448.639972 29.411184
144 202.689644 65.087770
145 43.484704 391.982143
146 152.286678 292.027936
147 439.233089 440.396030
148 300.477104 322.613873
149 28.314101 148.742048
150 345.887304 94.514726
151 401.503768 257.381875
152 378.643020 88.894374
153 41.310146 241.035985
154 264.426940 348.154136
155 102.380807 335.686165
156 396.634663 20.868906
157 481.678753 487.696359
158 275.330392 32.453491
159 172.618395 10.214984
160 400.425905 103.963549
161 71.626255 349.946992
162 28.974903 128.303783
163 255.165892 497.629392
164 73.257840 224.757389
165 300.720188 48.636247
166 144.367440 360.399951
167 275.403032 419.288508
168 290.165676 92.285868
169 307.751059 443.477544
170 258.394639 313.071835
171 252.529559 454.831288
172 206.652328 267.734358
173 171.321563 64.788389
174 331.410876 467.835001
175 306.364591 421.369250
176 108.954218 451.585870
177 4.884989 112.906363
178 66.027564 453.771473
179 455.115318 290.528954
180 43.746526 58.439720
181 385.535628 366.397634
182 43.564178 178.731599
183 386.605811 65.735801
184 268.916217 377.361783
185 136.263088 283.258498
186 238.342485 278.310346
187 220.368529 346.868682
188 359.118590 378.191179
189 18.661005 339.417698
190 238.610400 50.085694
191 307.098117 418.957254
192 366.947019 160.782791
193 33.927656 18.665119
194 279.562652 80.426350
195 133.944093 117.855978
196 9.673731 75.843212
197 16.951257 490.917429
198 180.242655 412.732264
199 206.118704 126.589573
200 118.355438 386.557800
201 335.628453 353.165443
202 426.577707 261.024783
203 221.384827 276.874221
204 325.997424 394.276937
205 446.134726 154.552579
206 67.804886 375.463326
207 263.416611 392.369290
208 214.963051 419.423294
209 268.677013 125.211967
210 29.447006 45.974642
211 87.099972 219.627175
212 405.467113 455.201062
213 288.045356 145.577215
214 325.893186 318.960350
215 251.787370 482.776358
216 403.345575 464.259678
217 306.967563 491.001958
218 357.493978 4.329636
219 144.072790 420.699329
220 221.588544 86.524862
221 57.263556 398.940298
222 324.452576 250.872999
223 142.820104 318.347914
224 184.170953 269.769272
225 381.033401 419.943741
226 52.478706 255.315654
227 322.744331 76.533407
228 0.879825 483.522877
229 403.933267 137.033795
230 139.544804 60.339821
231 240.344132 466.150989
232 457.463713 121.937548
233 197.429148 485.119765
234 137.809817 468.924720
235 384.506079 442.359344
236 435.502488 73.235480
237 394.594394 454.611123
238 419.085274 356.015593
239 153.689709 176.892277
240 118.176698 44.905820
241 97.239087 307.903938
242 466.041838 345.541975
243 281.423523 131.877898
244 263.573440 402.191457
245 147.537947 91.669275
246 9.866230 371.660616
247 19.146702 216.839834
248 416.042381 6.729279
249 254.667696 239.774350
250 14.827470 5.714263
251 165.922000 30.715539
252 299.086754 442.960127
253 206.066888 19.136099
254 40.421202 40.957271
255 404.683667 400.347001
256 8.454906 430.647163
257 455.650112 200.438342
258 143.445349 421.522443
259 308.522276 70.299363
260 114.377807 420.748986
261 422.179237 110.072997
262 405.568820 267.976767
263 305.214224 261.934942
264 319.814574 2.578174
265 12.369392 345.013193
266 85.796510 346.965337
267 142.632812 27.552960
268 291.111451 147.909363
269 161.408068 483.494694
270 97.467332 173.698253
271 52.007033 200.890926
272 46.423823 252.421903
273 371.295370 2.645255
274 45.080584 28.091990
275 442.162832 492.792928
276 260.087343 99.208715
277 466.674158 327.299102
278 395.895874 255.607839
279 394.105946 167.398366
280 56.626567 452.406988
281 2.111957 36.751940
282 66.145682 471.074960
283 151.464843 106.656526
284 127.831276 47.960033
285 200.898941 365.513820
286 324.104968 125.422790
287 113.719457 247.908079
288 432.382483 317.031877
289 377.246237 218.561596
290 200.106045 361.458157
291 186.184290 276.299015
292 40.231809 297.137784
293 140.460733 371.223793
294 149.413598 378.768342
295 113.180069 2.203822
296 69.890140 147.881851
297 97.796908 274.441019
298 104.996085 389.246085
299 242.339952 319.670196
300 83.848154 462.341302
301 358.669976 77.406806
302 361.816803 93.204963
303 414.832283 98.320882
304 480.650335 273.798792
305 111.431800 106.363345
306 313.993981 316.638065
307 151.639519 408.183876
308 209.528359 406.929143
309 132.607585 491.712736
310 436.152661 224.262295
311 167.692255 14.853027
312 495.468374 340.474762
313 94.579093 22.522775
314 6.569773 330.905308
315 53.756172 154.978820
316 153.973724 58.736113
317 473.465710 488.695275
318 452.239627 398.090075
319 32.714711 358.519313
320 227.955217 75.741856
321 323.360098 14.617286
322 376.760436 444.866473
323 5.190020 163.713921
324 414.245546 56.298797
325 12.347869 407.176764
326 124.452636 124.598298
327 79.118400 138.027974
328 214.355173 129.210903
329 183.473521 174.647797
330 166.517890 151.683599
331 157.563643 135.112589
332 450.147309 483.487102
333 448.349274 186.637690
334 324.139608 155.720908
335 404.986051 402.386448
336 397.208844 55.717586
337 405.799072 389.776169
338 442.540078 161.210526
339 53.582716 80.624879
340 336.393181 357.074947
341 118.617101 402.858684
342 459.148149 492.310923
343 498.523573 257.961980
344 350.042154 38.279388
345 450.570748 406.791324
346 179.530857 487.851869
347 192.993048 8.104696
348 9.337228 272.069772
349 221.573159 12.850074
350 184.152257 210.160254
351 202.701981 499.038832
352 78.337688 218.479453
353 135.116327 484.481718
354 294.904521 352.093212
355 324.968336 377.703542
356 442.657136 126.526367
357 113.996903 301.320854
358 118.082080 365.493150
359 331.999459 119.637460
360 92.957365 156.387858
361 183.164483 294.953395
362 379.619470 161.175389
363 251.011073 291.915533
364 133.300441 356.923322
365 228.635554 325.115686
366 251.334419 215.696783
367 358.883231 6.180421
368 40.147188 288.186473
369 406.810858 280.768117
370 301.795848 110.290413
371 459.770521 102.750350
372 344.169282 187.604911
373 105.764513 410.495671
374 57.287219 386.525347
375 241.530259 474.854878
376 274.851858 262.213105
377 436.792405 323.362910
378 164.615385 5.224660
379 68.547704 385.158956
380 416.533308 332.339828
381 287.778102 454.224053
382 357.187576 240.950009
383 353.694945 319.686461
384 12.469723 401.537036
385 373.174359 193.534676
386 293.160491 118.178418
387 494.315106 294.391165
388 99.538942 495.083871
389 426.550697 172.060517
390 328.520519 466.530193
391 279.538175 308.552539
392 234.494602 497.414883
393 466.736855 14.127706
394 224.196470 169.987956
395 77.881173 147.822347
396 358.625097 243.504764
397 154.148943 459.974349
398 347.877000 138.359725
399 396.576947 499.319556
400 352.150215 237.414563
401 397.731675 266.253056
402 287.316456 483.114990
403 471.343740 294.632645
404 114.779212 247.677435
405 217.827491 165.485260
406 301.875034 47.343191
407 57.878789 484.844166
408 476.447364 190.000707
409 493.787977 359.115323
410 462.115854 165.902241
411 421.302765 302.461203
412 420.906991 43.918465
413 175.247431 214.597991
414 401.324142 121.034877
415 1.666139 194.328173
416 460.796566 76.311938
417 374.997230 473.741810
418 125.388508 78.719630
419 171.527668 146.160271
420 135.206588 237.243811
421 279.301898 3.173738
422 421.728849 68.016964
423 381.221019 41.218452
424 381.880577 181.696597
425 120.872931 379.312742
426 27.909575 224.386808
427 450.412819 453.642618
428 234.440647 415.522483
429 333.945716 130.857025
430 178.779203 463.809499
431 441.050619 478.813996
432 110.597643 75.428569
433 61.611591 238.983977
434 128.711101 473.220916
435 245.471231 360.445610
436 498.116133 217.668882
437 10.732164 7.550790
438 235.848191 319.019820
439 52.773772 109.828785
440 367.468736 356.563933
441 480.193721 365.665996
442 420.023210 297.128386
443 340.996182 355.407591
444 87.804341 190.944613
445 199.387939 193.571139
446 93.660034 211.692332
447 368.989201 495.060064
448 34.418155 426.222926
449 392.374783 239.668240
450 148.769912 241.646761
451 196.445528 449.847240
452 140.006260 47.308219
453 252.254783 88.883401
454 115.712085 348.875235
455 442.595393 448.208757
456 403.409279 393.518713
457 405.768574 162.281024
458 310.417979 90.795593
459 426.323029 478.918611
460 126.296675 34.716825
461 364.726028 458.527592
462 421.729132 6.534307
463 215.440551 197.701797
464 210.706212 70.117748
465 380.619247 346.229149
466 305.913745 464.455058
467 357.709191 161.536708
468 408.022360 473.515181
469 80.672329 264.489261
470 389.670284 178.913180
471 184.347080 350.586451
472 276.543209 311.372797
473 102.638372 321.593279
474 248.059221 328.468923
475 146.504401 70.631665
476 418.373090 56.584020
477 55.991683 229.456303
478 207.482200 472.713269
479 206.068164 162.904657
480 160.732553 124.607804
481 369.462939 14.522535
482 324.173047 32.514602
483 120.096462 45.223309
484 380.482439 107.663487
485 340.254960 237.433715
486 465.407961 78.984509
487 240.616861 45.546553
488 88.228844 36.813983
489 171.996647 338.496393
490 138.819463 155.233585
491 27.230500 151.291305
492 427.620774 283.923224
493 485.037561 345.965231
494 66.348853 80.183609
495 195.477781 86.421894
496 13.501540 114.545657
497 200.979309 257.794364
498 105.076626 82.556289
499 344.973993 47.594639
500 174.164960 404.481430
501 229.818594 313.062152
502 101.823415 46.837702
503 487.762984 183.671914
504 288.141984 122.966034
505 496.229347 283.135564
506 258.393223 440.716984
507 5.956698 365.121605
508 159.389841 325.001290
509 412.661054 217.119006
510 78.419344 238.679952
511 165.003937 120.270704
512 303.978655 106.987309
513 241.841626 222.039289
514 182.398976 181.542032
515 107.024754 184.059768
516 77.104898 354.593384
517 412.284612 143.009387
518 352.684129 471.802590
519 67.820403 245.810104
520 328.774320 261.213201
521 65.202280 201.568541
522 206.197614 215.409328
523 59.543220 128.984554
524 235.514691 439.398367
525 389.478075 397.981732
526 2.209044 427.646191
527 98.369633 460.655896
528 57.869438 49.923625
529 207.476582 415.064163
530 329.166300 420.281021
531 149.364591 145.676968
532 109.807009 436.555417
533 496.265957 62.465541
534 258.361057 178.018005
535 397.356106 443.715853
536 431.457052 425.184440
537 216.092959 379.903921
538 30.103586 123.530902
539 297.809756 134.168116
540 469.876676 306.701899
541 468.130928 473.086532
542 300.403294 468.135595
543 222.693733 20.159495
544 27.158604 172.783737
545 99.741044 446.765187
546 64.557272 258.291285
547 493.511880 495.806468
548 78.887335 207.370678
549 343.247661 178.310119
550 328.430856 85.765247
551 242.468645 127.530368
552 428.771037 28.970484
553 348.191727 380.474091
554 65.887830 77.788403
555 408.807961 447.872450
556 490.976145 371.769135
557 386.022390 122.931969
558 421.103052 9.212848
559 71.649515 181.335948
560 195.702554 217.343543
561 424.140619 355.405679
562 225.192664 368.023888
563 55.822171 136.144073
564 358.765155 466.724405
565 290.513534 122.211028
566 342.175823 457.160179
567 152.442558 237.722465
568 69.502766 421.020230
569 284.038469 15.943359
570 96.232366 469.904122
571 325.057017 15.149093
572 446.549934 6.794648
573 6.105341 2.064228
574 21.188237 193.139455
575 156.689213 166.427524
576 223.867614 491.327288
577 417.283561 405.950092
578 349.247504 243.321634
579 281.314635 17.650097
580 118.916033 64.704945
581 343.694685 107.566531
582 412.766991 118.414706
583 459.247412 491.851071
584 246.237051 438.303646
585 99.869359 43.286304
586 364.534433 53.507727
587 406.654740 386.378438
588 29.033070 70.319432
589 318.497001 189.578291
590 142.017508 181.245342
591 142.137591 442.628434
592 469.633149 361.647162
593 260.264184 368.177624
594 433.066169 35.316316
595 62.024067 55.015358
596 115.385907 436.333743
597 391.945487 133.925847
598 377.588804 481.187446
599 365.521898 293.107786
600 340.336654 62.434826
601 483.936384 42.310727
602 152.512288 295.072126
603 306.501341 103.724216
604 40.617195 325.998373
605 133.447872 368.563980
606 258.747432 101.719430
607 447.070944 277.524610
608 450.390860 303.908024
609 359.174054 127.583788
610 352.518406 145.831445
611 239.734714 2.626662
612 179.156445 22.247147
613 110.398656 219.519956
614 70.267931 478.371504
615 134.945060 97.573154
616 454.391414 353.663969
617 433.536922 102.758423
618 118.684218 441.260882
619 498.389673 480.370398
620 250.814045 193.190070
621 202.285015 378.417656
622 117.042774 388.938247
623 320.302303 228.096807
624 50.639423 234.564053
625 465.963096 465.589612
626 296.071939 419.690505
627 153.968724 269.876085
628 298.546143 12.387987
629 91.582014 53.626706
630 466.202355 19.390098
631 488.825566 119.852334
632 60.295295 220.009548
633 391.060125 217.510413
634 435.526154 137.313333
635 236.859931 389.701656
636 424.890924 229.257227
637 328.347526 385.712547
638 314.545481 102.453328
639 423.636960 419.117480
640 205.293300 331.399682
641 213.622332 289.511523
642 259.705738 67.143312
643 470.527712 112.739032
644 441.581247 121.432156
645 119.133437 345.436364
646 435.551595 89.755390
647 225.586079 93.247767
648 491.739591 244.818488
649 414.352874 191.947665
650 26.562852 145.581868
651 470.889877 6.942779
652 334.786897 488.354013
653 195.293112 157.009556
654 123.721670 197.310666
655 78.172593 160.264777
656 253.401854 237.393631
657 300.993570 410.305682
658 154.343710 480.331630
659 83.286508 457.017672
660 248.163322 185.992288
661 185.267562 153.175170
662 211.131603 1.429861
663 7.869213 128.978810
664 259.393394 97.155914
665 242.676537 290.031840
666 296.769825 390.926186
667 306.629929 324.732361
668 290.750588 182.442125
669 99.701707 321.536579
670 111.599341 289.709648
671 424.584076 279.528389
672 82.067491 283.297901
673 430.343257 95.876011
674 303.973312 0.150241
675 299.822427 453.336133
676 63.083246 126.705331
677 458.203802 101.704099
678 366.036820 284.197251
679 115.363834 396.941961
680 236.721749 419.174008
681 242.877596 392.652751
682 200.566422 424.102299
683 397.188079 235.196755
684 69.153321 7.719913
685 280.442939 88.580725
686 352.202034 48.887791
687 107.163136 38.844118
688 314.948417 253.417379
689 440.231001 485.643004
690 88.917096 296.822114
691 442.451482 484.931459
692 433.682252 146.129340
693 447.132932 165.140600
694 321.207479 350.310240
695 30.951152 69.017796
696 172.119315 99.208446
697 15.350032 451.689828
698 137.104212 255.510531
699 175.439840 452.922166
700 465.763310 143.842933
701 370.721177 203.110302
702 127.854502 320.230091
703 18.636962 273.697271
704 482.512447 343.741930
705 138.203632 495.334615
706 404.887594 2.812502
707 375.710466 385.243865
708 202.453816 389.064915
709 408.467389 67.319790
710 31.976962 418.110320
711 58.018104 354.065169
712 227.638877 468.583983
713 241.018472 240.828537
714 341.178573 190.565739
715 318.134122 435.305856
716 186.929201 19.276261
717 125.385449 435.000766
718 320.604358 310.563898
719 170.126638 398.858092
720 148.578433 22.962209
721 487.358281 95.032231
722 104.342754 280.256385
723 169.902029 362.845269
724 330.570876 484.509774
725 423.559545 219.025656
726 432.310628 324.396489
727 346.872023 483.973728
728 121.701300 393.500272
729 321.395679 333.044400
730 202.210528 62.616260
731 418.608003 82.815335
732 310.132894 262.106847
733 179.008944 56.390265
734 333.060868 336.216688
735 385.392155 125.457192
736 439.984679 142.818930
737 348.693597 287.253230
738 195.234216 142.857843
739 97.729475 333.238775
740 410.484115 156.484783
741 140.956477 91.696731
742 423.286615 486.526200
743 105.460912 249.612184
744 223.987775 300.113551
745 243.899223 153.511425
746 423.137023 146.045383
747 161.319764 312.065321
748 150.743143 145.302144
749 246.518759 322.771266
750 256.734089 384.626148
751 100.347057 254.068111
752 441.250082 245.586367
753 477.061365 321.825743
754 29.299400 118.703541
755 303.647423 257.679872
756 379.386724 117.480589
757 388.571875 385.308421
758 217.924083 351.977362
759 478.862235 397.318794
760 54.610209 409.705839
761 317.765447 34.389838
762 190.588234 496.095447
763 426.361088 17.484701
764 114.597397 319.004564
765 16.645704 221.732798
766 307.027344 302.464639
767 442.299158 259.378256
768 229.793456 158.671240
769 226.836559 97.139792
770 67.983639 3.960921
771 145.424027 408.589633
772 14.178746 347.729818
773 464.864643 414.192682
774 344.838023 250.203096
775 282.753049 256.002348
776 143.540568 245.522474
777 152.133713 460.119834
778 185.056627 144.673431
779 279.824776 224.268531
780 291.363241 215.872750
781 320.333682 18.640710
782 428.968576 308.559443
783 261.600180 131.760154
784 266.439515 167.756526
785 153.673573 49.295076
786 188.658280 291.836438
787 483.705308 219.117508
788 342.052099 259.507299
789 86.979104 58.846985
790 64.991422 40.915541
791 93.561819 326.157082
792 159.069750 31.014928
793 353.858608 376.190185
794 437.708388 383.541528
795 427.793324 400.159128
796 341.511597 265.938114
797 351.605492 363.804383
798 391.311929 374.818219
799 297.601300 117.564693
800 332.591498 212.018770
801 440.342329 398.110437
802 200.112736 346.702186
803 293.929823 107.554043
804 415.163394 385.714675
805 433.573769 98.021813
806 116.814001 199.341424
807 469.171307 494.668560
808 284.918826 465.859288
809 155.040188 488.456941
810 181.412676 187.255230
811 303.887881 83.833920
812 430.691703 460.810377
813 309.597728 61.814669
814 221.907406 99.388517
815 70.537813 335.543071
816 124.439622 184.999186
817 173.356427 412.456596
818 420.824350 47.297120
819 136.701965 251.936741
820 397.408730 9.911836
821 269.710213 22.712178
822 273.882585 469.041670
823 64.008198 62.328500
824 246.768936 135.919293
825 6.730321 63.993753
826 395.999337 469.559326
827 490.348909 240.120167
828 83.462291 340.084984
829 474.521838 224.521505
830 116.293470 361.013271
831 71.004178 50.095593
832 315.611160 47.086856
833 68.579777 475.287710
834 319.362644 499.824939
835 389.028255 8.487477
836 103.989066 63.610386
837 286.125607 454.653873
838 401.557591 393.904759
839 342.859807 115.205189
840 473.857390 24.151141
841 119.302879 246.228513
842 421.673007 422.109625
843 64.099852 379.296699
844 145.442160 382.167094
845 418.387609 188.457424
846 348.865989 459.983097
847 234.338836 365.805064
848 5.123520 21.969066
849 262.334498 145.440762
850 98.135118 73.081430
851 132.021419 146.885107
852 364.304537 64.904356
853 314.396387 96.449598
854 312.444659 27.784907
855 209.697828 377.955443
856 116.363794 456.701544
857 113.935333 484.494055
858 157.361878 310.986094
859 73.372715 391.297182
860 88.132327 15.850103
861 177.762094 144.937288
862 460.658690 111.168616
863 316.526404 28.649516
864 447.549121 316.864434
865 231.384243 45.394052
866 491.076667 375.815946
867 463.198881 288.609689
868 222.281103 59.215268
869 1.696060 214.948635
870 222.810762 112.700316
871 157.959743 128.378898
872 127.267800 460.863170
873 376.830823 177.505966
874 239.550781 451.365256
875 381.779310 93.794128
876 168.729036 29.399049
877 154.077577 460.137122
878 6.628724 444.532719
879 358.800081 7.320255
880 253.729058 179.479188
881 296.223252 415.226043
882 433.322527 439.908381
883 466.375897 458.047258
884 360.339927 205.773007
885 321.995102 192.395393
886 108.778566 209.016182
887 461.682867 93.105746
888 6.711824 140.773460
889 404.859945 371.827832
890 439.449775 363.619026
891 311.766386 415.719904
892 311.064478 403.019810
893 151.342249 429.156157
894 83.655760 168.177942
895 125.765809 409.948265
896 95.634067 66.710141
897 189.899014 245.006188
898 308.058723 91.415855
899 294.949327 184.633603
900 345.418150 481.654391
901 81.962005 393.643216
902 3.138331 5.517963
903 75.502318 73.475999
904 490.362152 62.123185
905 339.547591 446.198229
906 369.883637 5.445455
907 328.733839 306.843796
908 217.371957 424.350353
909 266.681966 483.507270
910 203.589636 261.219062
911 33.679138 456.163215
912 459.100669 469.442496
913 274.543254 234.055303
914 434.817909 490.497340
915 374.589135 288.505330
916 12.865349 498.306102
917 471.484307 417.916672
918 168.991085 396.510237
919 347.762744 46.227720
920 65.368127 262.003522
921 285.105307 144.594866
922 478.422996 71.141187
923 155.696597 307.242922
924 43.259170 9.741675
925 499.994903 271.949787
926 323.993745 249.104462
927 279.526488 26.734423
928 394.818624 264.603447
929 136.986068 10.151387
930 92.069706 165.074040
931 494.453519 449.891841
932 282.662329 353.822725
933 181.694368 100.765230
934 374.809178 132.220524
935 337.112971 138.953336
936 311.396389 395.842560
937 212.598776 48.788157
938 212.674012 357.300971
939 380.229698 273.930644
940 403.275866 448.811775
941 418.737703 157.402580
942 269.169393 293.465200
943 465.227554 371.167467
944 371.867573 101.800786
945 125.294210 245.122767
946 72.364483 314.284624
947 318.331225 262.991010
948 311.459439 55.447084
949 499.094384 347.506603
950 421.501280 34.389673
951 93.263564 417.163652
952 348.666309 366.883573
953 32.753821 156.061549
954 347.828332 183.470104
955 461.710967 231.384876
956 51.122662 142.476392
957 202.891179 91.193015
958 206.330149 428.366691
959 326.990383 277.586648
960 219.024547 444.821690
961 240.888825 299.154733
962 131.182947 119.812259
963 4.424949 452.892074
964 122.624312 485.793866
965 131.386840 388.520137
966 328.262124 264.242607
967 92.907427 412.126830
968 477.722919 79.513363
969 95.566861 212.301549
970 24.711586 23.682039
971 50.196678 74.273502
972 42.796876 100.243241
973 324.477238 292.625442
974 188.761151 389.095462
975 92.010696 243.637110
976 113.701335 345.614446
977 350.466246 470.257896
978 82.387557 59.677375
979 474.182273 56.169739
980 462.113632 392.314448
981 92.796470 415.253234
982 14.240283 281.087836
983 206.813457 175.994321
984 389.968006 218.503587
985 409.679234 4.703406
986 266.351209 319.924548
987 162.866202 426.710660
988 339.431520 86.855822
989 167.685630 63.449696
990 289.936759 431.105374
991 495.599425 276.385137
992 21.601368 406.167148
993 250.381457 76.809746
994 59.103839 382.351775
995 22.899770 152.708955
996 421.371727 312.967856
997 264.945719 458.075096
998 248.475219 228.129841
999 473.478406 18.981039
