Available frequencies:
0 93400
1 104600
2 139700
3 154600
Transmission radius:
15
Transmitters:
0 115.698096 3.112792
1 95.047235 112.320582
2 74.776052 33.719497
3 29.709430 114.079607
4 25.366625 13.250972
5 102.803973 143.009002
6 0.592240 76.828840
7 121.893144 91.878910
8 108.263298 43.781410
9 137.666118 107.186368
10 81.381655 21.325507
11 56.001114 101.120042
12 66.274976 65.102099
13 92.665047 76.970736
14 97.559577 90.155843
15 120.783480 78.247073
16 136.297332 47.885413
17 13.568902 45.105008
18 17.097654 124.302199
19 7.034448 93.943072
20 82.137923 122.893049
21 29.842131 128.527545
22 52.747896 113.197154
24 48.826746 24.752385
