0 118400
1 135200
2 95300
3 95500
4 122300
5 121700
6 142800
7 158300
8 136100
9 153500
10 122300
11 122300
12 118400
13 158200
14 158300
15 118400
16 142800
17 122300
18 121700
19 132100
20 95300
21 118400
22 109100
23 121700
24 132100
25 158300
26 143800
27 142800
28 135200
29 118400
30 132100
31 153500
32 116100
33 158200
34 129100
35 154500
36 95300
37 143800
38 128400
39 109100
40 95500
41 109100
42 109100
43 95500
44 118400
45 143800
46 122300
47 118400
48 109100
49 95300
50 136100
51 109100
52 107700
53 129100
54 132100
55 109100
56 137300
57 137600
58 135200
59 121700
60 137300
61 128400
62 132100
63 143800
64 116100
65 118400
66 122300
67 153500
68 158300
69 158300
70 132100
71 118400
72 154500
73 137600
74 158200
75 122300
76 158200
77 142800
78 107700
79 154500
80 116100
81 121700
82 95300
83 158200
84 137600
85 107700
86 153500
87 158300
88 128400
89 153500
90 121700
91 142800
92 158300
93 154500
94 143800
95 95500
96 158300
97 158300
98 128400
99 118400
100 132100
101 118400
102 122300
103 116100
104 135200
105 136100
106 122300
107 109100
108 154500
109 135200
110 143800
111 135200
112 132100
113 158300
114 156200
115 158300
116 121700
117 143800
118 135200
119 122300
120 116100
121 121700
122 135200
123 142800
124 142800
125 118400
126 135200
127 132100
128 128400
129 158200
130 109100
131 116100
132 109100
133 121700
134 137600
135 118400
136 142800
137 121700
138 128400
139 153500
140 154500
141 158300
142 142800
143 154500
144 116100
145 143800
146 142800
147 135200
148 143800
149 95300
150 140000
151 122300
152 107700
153 132100
154 132100
155 118400
156 158200
157 118400
158 153500
159 122300
160 142800
161 116100
162 116100
163 153500
164 128400
165 128400
166 137600
167 128400
168 156200
169 153500
170 137600
171 142800
172 154500
173 122300
174 136100
175 116100
176 95300
177 132100
178 158300
179 135200
180 132100
181 129100
182 156200
183 137600
184 118400
185 154500
186 116100
187 153500
188 154500
189 158300
190 154500
191 158200
192 121700
193 116100
194 137300
195 128400
196 118400
197 118400
198 137600
199 95500
200 109100
201 158200
202 153500
203 95300
204 95500
205 137600
206 154500
207 142800
208 132100
209 95500
210 128400
211 95300
212 121700
213 137600
214 121700
215 95300
216 95300
217 142800
218 158300
219 135200
220 142800
221 158300
222 107700
223 121700
224 121700
225 129100
226 154500
227 122300
228 109100
229 95500
230 129800
231 132100
232 121700
233 158300
234 116100
235 154500
236 95500
237 158300
238 122300
239 95500
240 143800
241 95300
242 135200
243 158200
244 143800
245 158300
246 122300
247 158300
248 121700
249 121700
250 142800
251 128400
252 135200
253 142800
254 135200
255 95500
256 135200
257 116100
258 122300
259 158300
260 137600
261 129100
262 128400
263 128400
264 121700
265 154500
266 143800
267 158300
268 95300
269 154500
270 107700
271 118400
272 95300
273 109100
274 118400
275 132100
276 137600
277 158300
278 158200
279 142800
280 132100
281 158300
282 118400
283 143800
284 154500
285 121700
286 95500
287 137600
288 116100
289 95500
290 137600
291 143800
292 121700
293 118400
294 143800
295 122300
296 135200
297 142800
298 122300
299 128400
300 122300
301 95500
302 143800
303 156200
304 153500
305 132100
306 95300
307 132100
308 95500
309 122300
310 154500
311 137600
312 132100
313 109100
314 109100
315 128400
316 135200
317 116100
318 95300
319 118400
320 143800
321 136100
322 135200
323 109100
324 95300
325 109100
326 122300
327 121700
328 109100
329 154500
330 137600
331 132100
332 95500
333 153500
334 142800
335 121700
336 116100
337 156200
338 128400
339 116100
340 118400
341 158200
342 158200
343 158300
344 128400
345 142800
346 135200
347 121700
348 118400
349 95300
350 128400
351 95300
352 135200
353 158200
354 95500
355 121700
356 116100
357 158300
358 158300
359 121700
360 118400
361 135200
362 116100
363 143800
364 116100
365 158200
366 135200
367 135200
368 122300
369 132100
370 143800
371 118400
372 95300
373 116100
374 153500
375 118400
376 109100
377 143800
378 158200
379 132100
380 109100
381 137600
382 158300
383 116100
384 132100
385 158200
386 140000
387 121700
388 142800
389 122300
390 95500
391 158200
392 122300
393 122300
394 135200
395 116100
396 135200
397 118400
398 137600
399 109100
400 137600
401 156200
402 158300
403 142800
404 158200
405 158200
406 95300
407 109100
408 154500
409 154500
410 132100
411 158200
412 109100
413 153500
414 137600
415 122300
416 132100
417 128400
418 136100
419 142800
420 122300
421 95500
422 118400
423 156200
424 143800
425 153500
426 153500
427 109100
428 137600
429 156200
430 132100
431 156200
432 137600
433 136100
434 137600
435 95500
436 95300
437 121700
438 118400
439 137600
440 158300
441 122300
442 142800
443 137600
444 153500
445 122300
446 156200
447 142800
448 154500
449 109100
450 142800
451 122300
452 156200
453 109100
454 132100
455 118400
456 153500
457 154500
458 158200
459 128400
460 121700
461 143800
462 116100
463 158300
464 95300
465 132100
466 154500
467 158300
468 122300
469 121700
470 135200
471 95500
472 116100
473 154500
474 95300
475 116100
476 122300
477 122300
478 121700
479 116100
480 121700
481 95500
482 137600
483 140000
484 158300
485 118400
486 116100
487 132100
488 116100
489 154500
490 143800
491 95500
492 95500
493 95300
494 156200
495 154500
496 128400
497 122300
498 121700
499 153500
500 154500
501 158300
502 132100
503 118400
504 116100
505 95300
506 116100
507 142800
508 158300
509 158300
510 158300
511 109100
512 118400
513 143800
514 121700
515 132100
516 121700
517 158200
518 122300
519 143800
520 142800
521 158200
522 109100
523 132100
524 154500
525 118400
526 121700
527 153500
528 137600
529 128400
530 118400
531 158200
532 137300
533 95300
534 132100
535 109100
536 129100
537 95300
538 121700
539 122300
540 154500
541 121700
542 122300
543 118400
544 132100
545 109100
546 118400
547 132100
548 116100
549 132100
550 137600
551 128400
552 158300
553 142800
554 118400
555 153500
556 109100
557 109100
558 153500
559 136100
560 95300
561 137600
562 158300
563 153500
564 158200
565 154500
566 116100
567 143800
568 95500
569 154500
570 121700
571 156200
572 118400
573 132100
574 142800
575 135200
576 154500
577 137300
578 132100
579 118400
580 118400
581 142800
582 136100
583 95300
584 153500
585 107700
586 121700
587 158200
588 95500
589 122300
590 95300
591 156200
592 121700
593 121700
594 135200
595 121700
596 142800
597 153500
598 95500
599 122300
600 154500
601 118400
602 95500
603 129100
604 142800
605 142800
606 121700
607 109100
608 95300
609 154500
610 118400
611 122300
612 154500
613 118400
614 154500
615 95300
616 142800
617 153500
618 95500
619 158300
620 122300
621 135200
622 107700
623 153500
624 142800
625 142800
626 121700
627 153500
628 158200
629 129100
630 95300
631 132100
632 95500
633 153500
634 107700
635 116100
636 135200
637 95300
638 128400
639 122300
640 116100
641 142800
642 158200
643 143800
644 122300
645 135200
646 128400
647 118400
648 132100
649 118400
650 118400
651 121700
652 153500
653 128400
654 109100
655 95500
656 132100
657 154500
658 95500
659 116100
660 109100
661 118400
662 132100
663 142800
664 158300
665 122300
666 137600
667 109100
668 135200
669 95500
670 109100
671 154500
672 135200
673 135200
674 122300
675 95300
676 142800
677 158200
678 95500
679 129800
680 109100
681 122300
682 158200
683 95300
684 158300
685 142800
686 118400
687 137300
688 95300
689 136100
690 132100
691 154500
692 135200
693 95500
694 132100
695 142800
696 118400
697 142800
698 158300
699 95300
700 158300
701 122300
702 158200
703 158300
704 116100
705 95300
706 137600
707 143800
708 156200
709 136100
710 118400
711 122300
712 109100
713 142800
714 128400
715 143800
716 135200
717 158300
718 153500
719 153500
720 153500
721 122300
722 143800
723 128400
724 135200
725 128400
726 121700
727 158300
728 154500
729 142800
730 95500
731 121700
732 122300
733 121700
734 128400
735 137300
736 95300
737 109100
738 95300
739 142800
740 158300
741 153500
742 116100
743 95500
744 121700
745 118400
746 143800
747 137600
748 116100
749 154500
750 135200
751 153500
752 143800
753 109100
754 143800
755 137600
756 135200
757 128400
758 142800
759 118400
760 122300
761 132100
762 118400
763 143800
764 122300
765 135200
766 135200
767 158300
768 121700
769 132100
770 132100
771 95300
772 135200
773 158300
774 156200
775 135200
776 135200
777 153500
778 153500
779 116100
780 158300
781 143800
782 118400
783 135200
784 142800
785 95500
786 109100
787 122300
788 129100
789 142800
790 143800
791 153500
792 95300
793 122300
794 143800
795 109100
796 121700
797 153500
798 95300
799 107700
800 109100
801 154500
802 132100
803 132100
804 135200
805 154500
806 158300
807 143800
808 109100
809 109100
810 143800
811 136100
812 143800
813 107700
814 153500
815 158300
816 128400
817 142800
818 142800
819 121700
820 154500
821 116100
822 121700
823 109100
824 122300
825 121700
826 118400
827 142800
828 109100
829 121700
830 95300
831 153500
832 95500
833 135200
834 118400
835 122300
836 128400
837 156200
838 136100
839 95300
840 132100
841 132100
842 116100
843 158200
844 121700
845 95300
846 132100
847 109100
848 109100
849 153500
850 158200
851 153500
852 135200
853 135200
854 135200
855 118400
856 154500
857 158300
858 118400
859 95300
860 154500
861 158300
862 109100
863 109100
864 132100
865 121700
866 143800
867 122300
868 137600
869 118400
870 116100
871 154500
872 132100
873 109100
874 158300
875 132100
876 132100
877 128400
878 122300
879 95300
880 116100
881 109100
882 132100
883 137600
884 154500
885 121700
886 121700
887 158300
888 135200
889 142800
890 118400
891 142800
892 122300
893 107700
894 154500
895 128400
896 95500
897 116100
898 153500
899 153500
900 109100
901 156200
902 135200
903 95300
904 121700
905 137600
906 116100
907 118400
908 143800
909 135200
910 158300
911 95300
912 122300
913 154500
914 135200
915 153500
916 154500
917 121700
918 116100
919 142800
920 116100
921 121700
922 154500
923 116100
924 95300
925 109100
926 143800
927 137300
928 116100
929 118400
930 95300
931 154500
932 122300
933 135200
934 129100
935 158200
936 158300
937 109100
938 143800
939 143800
940 142800
941 156200
942 142800
943 95500
944 122300
945 116100
946 128400
947 136100
948 121700
949 118400
950 128400
951 129100
952 109100
953 158300
954 153500
955 118400
956 109100
957 128400
958 135200
959 154500
960 156200
961 109100
962 135200
963 132100
964 135200
965 136100
966 116100
967 143800
968 135200
969 142800
970 122300
971 154500
972 122300
973 132100
974 122300
975 109100
976 128400
977 95300
978 158300
979 109100
980 132100
981 140000
982 109100
983 132100
984 142800
985 132100
986 156200
987 109100
988 116100
989 142800
990 95500
991 116100
992 116100
993 95500
994 135200
995 154500
996 153500
997 143800
998 95300
999 142800
